5555555555554444                              01/19/2001                              51857900                              23
4444555555555555                              06/29/1993                              40068500                              31
2790228937990930                              05/25/1986                              82216800                              131
4103092130720360                              05/23/1988                              00345400                              87
8315977381865493                              02/24/2005                              23457600                              12
1025121129481500                              07/17/1999                              86875500                              234
6661207365557940                              03/14/2014                              23465400                              67
1354292148205520                              04/16/1987                              34565600                              87
6358631070884640                              03/21/2024                              00043500                              567
2725764553689450                              07/24/1993                              00324532                              67
4605035323722460                              09/15/1998                              00433400                              456
2300312298795724                              04/30/2022                              30523400                              98
